TOPS
	300*1 300*3 300*5
	300*7 300*9 300*11
	300*13 300*15 300*17
	300*19 300*21 300*23
	300*25 300*27 300*29
	300*31 300*33 300*35
	300*37 300*39 300*41
	300*43 300*45 300*47
	300*49 300*51 300*53
	300*55 300*57 300*59 /

9000
9052.89809421
9105.79618842
9158.69428263
9211.59237684
9264.49047105
9317.38856526
9370.28665947
9423.18475368
9476.08284789
9528.9809421
9581.87903631
9634.77713052
9687.67522473
9740.57331894
9793.47141315
9846.36950736
9899.26760157
9952.16569578
10005.06378999
10057.9618842
10110.85997841
10163.75807262
10216.65616683
9000
9052.89809421
9105.79618842
9158.69428263
9211.59237684
9264.49047105
9317.38856526
9370.28665947
9423.18475368
9476.08284789
9528.9809421
9581.87903631
9634.77713052
9687.67522473
9740.57331894
9793.47141315
9846.36950736
9899.26760157
9952.16569578
10005.06378999
10057.9618842
10110.85997841
10163.75807262
10216.65616683
9000
9052.89809421
9105.79618842
9158.69428263
9211.59237684
9264.49047105
9317.38856526
9370.28665947
9423.18475368
9476.08284789
9528.9809421
9581.87903631
9634.77713052
9687.67522473
9740.57331894
9793.47141315
9846.36950736
9899.26760157
9952.16569578
10005.06378999
10057.9618842
10110.85997841
10163.75807262
10216.65616683
9000
9052.89809421
9105.79618842
9158.69428263
9211.59237684
9264.49047105
9317.38856526
9370.28665947
9423.18475368
9476.08284789
9528.9809421
9581.87903631
9634.77713052
9687.67522473
9740.57331894
9793.47141315
9846.36950736
9899.26760157
9952.16569578
10005.06378999
10057.9618842
10110.85997841
10163.75807262
10216.65616683
9000
9052.89809421
9105.79618842
9158.69428263
9211.59237684
9264.49047105
9317.38856526
9370.28665947
9423.18475368
9476.08284789
9528.9809421
9581.87903631
9634.77713052
9687.67522473
9740.57331894
9793.47141315
9846.36950736
9899.26760157
9952.16569578
10005.06378999
10057.9618842
10110.85997841
10163.75807262
10216.65616683
9000
9052.89809421
9105.79618842
9158.69428263
9211.59237684
9264.49047105
9317.38856526
9370.28665947
9423.18475368
9476.08284789
9528.9809421
9581.87903631
9634.77713052
9687.67522473
9740.57331894
9793.47141315
9846.36950736
9899.26760157
9952.16569578
10005.06378999
10057.9618842
10110.85997841
10163.75807262
10216.65616683
9000
9052.89809421
9105.79618842
9158.69428263
9211.59237684
9264.49047105
9317.38856526
9370.28665947
9423.18475368
9476.08284789
9528.9809421
9581.87903631
9634.77713052
9687.67522473
9740.57331894
9793.47141315
9846.36950736
9899.26760157
9952.16569578
10005.06378999
10057.9618842
10110.85997841
10163.75807262
10216.65616683
9000
9052.89809421
9105.79618842
9158.69428263
9211.59237684
9264.49047105
9317.38856526
9370.28665947
9423.18475368
9476.08284789
9528.9809421
9581.87903631
9634.77713052
9687.67522473
9740.57331894
9793.47141315
9846.36950736
9899.26760157
9952.16569578
10005.06378999
10057.9618842
10110.85997841
10163.75807262
10216.65616683
9000
9052.89809421
9105.79618842
9158.69428263
9211.59237684
9264.49047105
9317.38856526
9370.28665947
9423.18475368
9476.08284789
9528.9809421
9581.87903631
9634.77713052
9687.67522473
9740.57331894
9793.47141315
9846.36950736
9899.26760157
9952.16569578
10005.06378999
10057.9618842
10110.85997841
10163.75807262
10216.65616683
9000
9052.89809421
9105.79618842
9158.69428263
9211.59237684
9264.49047105
9317.38856526
9370.28665947
9423.18475368
9476.08284789
9528.9809421
9581.87903631
9634.77713052
9687.67522473
9740.57331894
9793.47141315
9846.36950736
9899.26760157
9952.16569578
10005.06378999
10057.9618842
10110.85997841
10163.75807262
10216.65616683
9000
9052.89809421
9105.79618842
9158.69428263
9211.59237684
9264.49047105
9317.38856526
9370.28665947
9423.18475368
9476.08284789
9528.9809421
9581.87903631
9634.77713052
9687.67522473
9740.57331894
9793.47141315
9846.36950736
9899.26760157
9952.16569578
10005.06378999
10057.9618842
10110.85997841
10163.75807262
10216.65616683
9000
9052.89809421
9105.79618842
9158.69428263
9211.59237684
9264.49047105
9317.38856526
9370.28665947
9423.18475368
9476.08284789
9528.9809421
9581.87903631
9634.77713052
9687.67522473
9740.57331894
9793.47141315
9846.36950736
9899.26760157
9952.16569578
10005.06378999
10057.9618842
10110.85997841
10163.75807262
10216.65616683
9000
9052.89809421
9105.79618842
9158.69428263
9211.59237684
9264.49047105
9317.38856526
9370.28665947
9423.18475368
9476.08284789
9528.9809421
9581.87903631
9634.77713052
9687.67522473
9740.57331894
9793.47141315
9846.36950736
9899.26760157
9952.16569578
10005.06378999
10057.9618842
10110.85997841
10163.75807262
10216.65616683
9000
9052.89809421
9105.79618842
9158.69428263
9211.59237684
9264.49047105
9317.38856526
9370.28665947
9423.18475368
9476.08284789
9528.9809421
9581.87903631
9634.77713052
9687.67522473
9740.57331894
9793.47141315
9846.36950736
9899.26760157
9952.16569578
10005.06378999
10057.9618842
10110.85997841
10163.75807262
10216.65616683
9000
9052.89809421
9105.79618842
9158.69428263
9211.59237684
9264.49047105
9317.38856526
9370.28665947
9423.18475368
9476.08284789
9528.9809421
9581.87903631
9634.77713052
9687.67522473
9740.57331894
9793.47141315
9846.36950736
9899.26760157
9952.16569578
10005.06378999
10057.9618842
10110.85997841
10163.75807262
10216.65616683
9000
9052.89809421
9105.79618842
9158.69428263
9211.59237684
9264.49047105
9317.38856526
9370.28665947
9423.18475368
9476.08284789
9528.9809421
9581.87903631
9634.77713052
9687.67522473
9740.57331894
9793.47141315
9846.36950736
9899.26760157
9952.16569578
10005.06378999
10057.9618842
10110.85997841
10163.75807262
10216.65616683
9000
9052.89809421
9105.79618842
9158.69428263
9211.59237684
9264.49047105
9317.38856526
9370.28665947
9423.18475368
9476.08284789
9528.9809421
9581.87903631
9634.77713052
9687.67522473
9740.57331894
9793.47141315
9846.36950736
9899.26760157
9952.16569578
10005.06378999
10057.9618842
10110.85997841
10163.75807262
10216.65616683
9000
9052.89809421
9105.79618842
9158.69428263
9211.59237684
9264.49047105
9317.38856526
9370.28665947
9423.18475368
9476.08284789
9528.9809421
9581.87903631
9634.77713052
9687.67522473
9740.57331894
9793.47141315
9846.36950736
9899.26760157
9952.16569578
10005.06378999
10057.9618842
10110.85997841
10163.75807262
10216.65616683
9000
9052.89809421
9105.79618842
9158.69428263
9211.59237684
9264.49047105
9317.38856526
9370.28665947
9423.18475368
9476.08284789
9528.9809421
9581.87903631
9634.77713052
9687.67522473
9740.57331894
9793.47141315
9846.36950736
9899.26760157
9952.16569578
10005.06378999
10057.9618842
10110.85997841
10163.75807262
10216.65616683
9000
9052.89809421
9105.79618842
9158.69428263
9211.59237684
9264.49047105
9317.38856526
9370.28665947
9423.18475368
9476.08284789
9528.9809421
9581.87903631
9634.77713052
9687.67522473
9740.57331894
9793.47141315
9846.36950736
9899.26760157
9952.16569578
10005.06378999
10057.9618842
10110.85997841
10163.75807262
10216.65616683
9000
9052.89809421
9105.79618842
9158.69428263
9211.59237684
9264.49047105
9317.38856526
9370.28665947
9423.18475368
9476.08284789
9528.9809421
9581.87903631
9634.77713052
9687.67522473
9740.57331894
9793.47141315
9846.36950736
9899.26760157
9952.16569578
10005.06378999
10057.9618842
10110.85997841
10163.75807262
10216.65616683
9000
9052.89809421
9105.79618842
9158.69428263
9211.59237684
9264.49047105
9317.38856526
9370.28665947
9423.18475368
9476.08284789
9528.9809421
9581.87903631
9634.77713052
9687.67522473
9740.57331894
9793.47141315
9846.36950736
9899.26760157
9952.16569578
10005.06378999
10057.9618842
10110.85997841
10163.75807262
10216.65616683
9000
9052.89809421
9105.79618842
9158.69428263
9211.59237684
9264.49047105
9317.38856526
9370.28665947
9423.18475368
9476.08284789
9528.9809421
9581.87903631
9634.77713052
9687.67522473
9740.57331894
9793.47141315
9846.36950736
9899.26760157
9952.16569578
10005.06378999
10057.9618842
10110.85997841
10163.75807262
10216.65616683
9000
9052.89809421
9105.79618842
9158.69428263
9211.59237684
9264.49047105
9317.38856526
9370.28665947
9423.18475368
9476.08284789
9528.9809421
9581.87903631
9634.77713052
9687.67522473
9740.57331894
9793.47141315
9846.36950736
9899.26760157
9952.16569578
10005.06378999
10057.9618842
10110.85997841
10163.75807262
10216.65616683
9000
9052.89809421
9105.79618842
9158.69428263
9211.59237684
9264.49047105
9317.38856526
9370.28665947
9423.18475368
9476.08284789
9528.9809421
9581.87903631
9634.77713052
9687.67522473
9740.57331894
9793.47141315
9846.36950736
9899.26760157
9952.16569578
10005.06378999
10057.9618842
10110.85997841
10163.75807262
10216.65616683
/